{
  "advancedEditorSelectedIdentifier" : "ProjectBrowser",
  "openSceneRelativePaths" : [
    "Scene.usda"
  ],
  "recentIdentifiers" : {
    "879161F2-2BE8-4C65-BB74-D91D443C3A87" : [

    ]
  },
  "sceneCameraHistory" : {
    "879161F2-2BE8-4C65-BB74-D91D443C3A87" : [
      {
        "date" : 733825945.239294,
        "title" : "Untitled",
        "transform" : [
          -0.93478584,
          -1.1422898e-08,
          -0.35521185,
          0,
          -0.30152097,
          0.52863646,
          0.7934914,
          0,
          0.18777794,
          0.8488484,
          -0.49416167,
          0,
          0.7145166,
          2.5740173,
          -1.7436047,
          1
        ]
      },
      {
        "date" : 733819842.57193,
        "title" : "Untitled",
        "transform" : [
          -0.96706593,
          -3.1158613e-09,
          -0.25452626,
          0,
          -0.15416329,
          0.79570276,
          0.58573955,
          0,
          0.20252728,
          0.60568744,
          -0.7694968,
          0,
          0.72788906,
          1.7369537,
          -2.5747669,
          1
        ]
      },
      {
        "date" : 733819813.036552,
        "title" : "Untitled",
        "transform" : [
          -0.15005785,
          -4.194124e-10,
          -0.9886772,
          0,
          -0.3504765,
          0.93505967,
          0.05319406,
          0,
          0.9244722,
          0.35449037,
          -0.14031304,
          0,
          3.345153,
          0.99843323,
          -0.45350164,
          1
        ]
      },
      {
        "date" : 733819677.274821,
        "title" : "Untitled",
        "transform" : [
          0.56373185,
          1.359755e-09,
          -0.82595783,
          0,
          -0.229093,
          0.96076417,
          -0.15636031,
          0,
          0.7935508,
          0.2773665,
          0.5416134,
          0,
          2.815436,
          0.7209647,
          1.9864823,
          1
        ]
      },
      {
        "date" : 733819642.67245,
        "title" : "Untitled",
        "transform" : [
          0.56373185,
          5.668568e-10,
          -0.8259578,
          0,
          -0.22909304,
          0.9607642,
          -0.15636025,
          0,
          0.7935508,
          0.27736637,
          0.54161334,
          0,
          4.114438,
          1.2946612,
          1.9666365,
          1
        ]
      },
      {
        "date" : 733819615.104018,
        "title" : "Untitled",
        "transform" : [
          0.9596664,
          -3.344504e-10,
          0.28114137,
          0,
          0.12206921,
          0.90082055,
          -0.41667908,
          0,
          -0.25325787,
          0.43419155,
          0.86448723,
          0,
          -1.3314387,
          2.7196965,
          5.640007,
          1
        ]
      },
      {
        "date" : 733819601.273016,
        "title" : "Untitled",
        "transform" : [
          0.9940486,
          -3.9720316e-10,
          0.10893657,
          0,
          0.047860447,
          0.8983197,
          -0.4367276,
          0,
          -0.097859845,
          0.43934226,
          0.89297354,
          0,
          -0.5733397,
          2.4515886,
          5.891089,
          1
        ]
      },
      {
        "date" : 733819598.905048,
        "title" : "Untitled",
        "transform" : [
          0.7574341,
          6.5035266e-10,
          0.6529115,
          0,
          0.48779336,
          0.66470623,
          -0.56588274,
          0,
          -0.43399426,
          0.7471047,
          0.5034712,
          0,
          -2.914568,
          4.512317,
          3.4911637,
          1
        ]
      },
      {
        "date" : 733819584.004044,
        "title" : "Untitled",
        "transform" : [
          0.7449125,
          -6.36312e-09,
          0.6671624,
          0,
          0.16754484,
          0.9679534,
          -0.18707028,
          0,
          -0.6457819,
          0.2511305,
          0.72104037,
          0,
          -0.30358517,
          0.08945206,
          0.3468552,
          1
        ]
      },
      {
        "date" : 733819533.039478,
        "title" : "Untitled",
        "transform" : [
          0.9892119,
          1.2760595e-09,
          -0.14649174,
          0,
          -0.13266179,
          0.42414913,
          -0.8958228,
          0,
          0.062134333,
          0.9055923,
          0.4195733,
          0,
          0.012950161,
          0.41990387,
          0.20865059,
          1
        ]
      }
    ]
  }
}